0 0 0 0 0 0 0 0 0 0 0 0 0 0 0 0 0 0 0 0 0 0 0 0 0 0 0 0 0 0 0 0 0 0 0 0 0 0 0 0 0 0 0 0 0 0 0 0 0 1 
0 4.11312e-27 5.64651e-26 1.29424e-24 2.18156e-23 3.45649e-22 4.28753e-21 5.00356e-20 4.85727e-19 4.45001e-18 3.52112e-17 2.63653e-16 1.7487e-15 1.10017e-14 6.24268e-14 3.36703e-13 1.66006e-12 7.7942e-12 3.37989e-11 1.39806e-10 5.38484e-10 1.98137e-09 6.83329e-09 2.25445e-08 7.00911e-08 2.08733e-07 5.88421e-07 1.59082e-06 4.08687e-06 1.00813e-05 2.37102e-05 5.36093e-05 0.000115917 0.000241274 0.000481623 0.00092689 0.00171565 0.00306756 0.00529222 0.00884375 0.0143195 0.0225572 0.034654 0.0522244 0.0777232 0.115604 0.175037 0.278332 0.487637 1 
0 5.64651e-26 2.05801e-25 2.30907e-24 4.23117e-23 6.15259e-22 8.30562e-21 9.14924e-20 9.42336e-19 8.27802e-18 6.83992e-17 4.96242e-16 3.40064e-15 2.08825e-14 1.21512e-13 6.43129e-13 3.2338e-12 1.49592e-11 6.58837e-11 2.69332e-10 1.05022e-09 3.82828e-09 1.33327e-08 4.36603e-08 1.36799e-07 4.04972e-07 1.14864e-06 3.09068e-06 7.97806e-06 1.96054e-05 4.62778e-05 0.000104316 0.000226156 0.00046955 0.000938947 0.00180308 0.00334035 0.0059598 0.0102804 0.017136 0.0277006 0.0434657 0.066472 0.0993712 0.14606 0.212449 0.308661 0.452414 0.673166 1 
0 1.29424e-24 2.30907e-24 5.93506e-24 5.64138e-23 8.54314e-22 1.09041e-20 1.28023e-19 1.26776e-18 1.16703e-17 9.35834e-17 7.03367e-16 4.70942e-15 2.97181e-14 1.69804e-13 9.18108e-13 4.5504e-12 2.1408e-11 9.32096e-11 3.86197e-10 1.49217e-09 5.49796e-09 1.90075e-08 6.27782e-08 1.95544e-07 5.8282e-07 1.64526e-06 4.45058e-06 1.14446e-05 2.8239e-05 6.6449e-05 0.000150234 0.000324849 0.000675814 0.00134824 0.00259169 0.00479008 0.0085457 0.0147002 0.0244646 0.0393897 0.0615542 0.0934736 0.13843 0.200462 0.285063 0.399453 0.553018 0.754446 1 
0 2.18156e-23 4.23117e-23 5.64138e-23 1.24437e-22 1.02127e-21 1.31028e-20 1.48377e-19 1.53821e-18 1.38028e-17 1.14676e-16 8.44508e-16 5.81299e-15 3.60883e-14 2.10759e-13 1.12471e-12 5.6724e-12 2.64063e-11 1.16592e-10 4.78979e-10 1.87159e-09 6.84868e-09 2.38923e-08 7.8474e-08 2.46209e-07 7.30526e-07 2.07407e-06 5.58998e-06 1.44385e-05 3.55187e-05 8.38568e-05 0.000189104 0.00040984 0.000850655 0.00169926 0.00325897 0.00602478 0.0107203 0.0184205 0.0305478 0.0490323 0.0761971 0.114954 0.168551 0.240835 0.335873 0.458046 0.610792 0.794311 1 
0 3.45649e-22 6.15259e-22 8.54314e-22 1.02127e-21 2.07626e-21 1.49169e-20 1.65136e-19 1.67166e-18 1.54792e-17 1.26581e-16 9.56487e-16 6.49724e-15 4.11844e-14 2.379e-13 1.29116e-12 6.45337e-12 3.04576e-11 1.33486e-10 5.54554e-10 2.15379e-09 7.95333e-09 2.76086e-08 9.135e-08 2.85445e-07 8.51954e-07 2.41076e-06 6.52769e-06 1.68137e-05 4.15091e-05 9.77672e-05 0.000221038 0.000478028 0.000993784 0.00198103 0.00380173 0.00701198 0.0124703 0.0213651 0.0353587 0.0565153 0.0874453 0.131036 0.190565 0.269185 0.36993 0.494834 0.644334 0.815419 1 
0 4.28753e-21 8.30562e-21 1.09041e-20 1.31028e-20 1.49169e-20 2.89189e-20 1.84004e-19 1.78256e-18 1.62294e-17 1.3546e-16 1.01399e-15 7.01258e-15 4.40884e-14 2.58538e-13 1.39334e-12 7.05211e-12 3.30861e-11 1.46527e-10 6.05709e-10 2.37286e-09 8.72603e-09 3.05066e-08 1.00592e-07 3.16145e-07 9.40884e-07 2.67477e-06 7.22517e-06 1.86779e-05 4.60159e-05 0.000108676 0.000245248 0.000531362 0.00110269 0.00220026 0.00421436 0.0077732 0.0137923 0.0236031 0.0389411 0.0620732 0.0956066 0.142551 0.205851 0.288336 0.391965 0.517592 0.663943 0.82714 1 
0 5.00356e-20 9.14924e-20 1.28023e-19 1.48377e-19 1.65136e-19 1.84004e-19 3.4623e-19 1.97137e-18 1.69023e-17 1.39164e-16 1.05482e-15 7.25585e-15 4.61688e-14 2.6943e-13 1.46733e-12 7.3947e-12 3.50066e-11 1.54454e-10 6.43367e-10 2.51233e-09 9.29839e-09 3.24194e-08 1.07471e-07 3.36988e-07 1.00731e-06 2.858e-06 7.74719e-06 1.99935e-05 4.93906e-05 0.000116469 0.000263348 0.000569753 0.00118379 0.00235853 0.00451951 0.00832148 0.0147586 0.0252005 0.0415132 0.0659697 0.101308 0.150382 0.216098 0.30076 0.405891 0.531414 0.675463 0.833783 1 
0 4.85727e-19 9.42336e-19 1.26776e-18 1.53821e-18 1.67166e-18 1.78256e-18 1.97137e-18 3.63404e-18 1.86907e-17 1.43161e-16 1.07141e-15 7.42121e-15 4.70792e-14 2.76867e-13 1.50372e-12 7.63126e-12 3.60359e-11 1.59981e-10 6.64896e-10 2.61036e-09 9.64224e-09 3.37727e-08 1.11766e-07 3.5181e-07 1.05006e-06 2.98875e-06 8.09113e-06 2.0934e-05 5.16536e-05 0.00012204 0.000275638 0.000597132 0.00123927 0.00247082 0.00472869 0.00870705 0.0154185 0.0263084 0.0432499 0.0686167 0.105078 0.155544 0.222661 0.308616 0.414421 0.539714 0.682166 0.837591 1 
0 4.45001e-18 8.27802e-18 1.16703e-17 1.38028e-17 1.54792e-17 1.62294e-17 1.69023e-17 1.86907e-17 3.39184e-17 1.5891e-16 1.096e-15 7.49202e-15 4.76779e-14 2.79908e-13 1.52744e-12 7.74024e-12 3.67148e-11 1.62767e-10 6.7924e-10 2.66325e-09 9.8733e-09 3.4542e-08 1.14672e-07 3.60585e-07 1.07913e-06 3.06867e-06 8.32579e-06 2.15231e-05 5.31999e-05 0.000125593 0.00028403 0.000614818 0.00127704 0.00254388 0.00487016 0.0089582 0.0158601 0.0270263 0.0443943 0.0703101 0.107508 0.158776 0.226764 0.313386 0.419555 0.544568 0.686049 0.839749 1 
0 3.52112e-17 6.83992e-17 9.35834e-17 1.14676e-16 1.26581e-16 1.3546e-16 1.39164e-16 1.43161e-16 1.5891e-16 2.84585e-16 1.22358e-15 7.65096e-15 4.79881e-14 2.8189e-13 1.5366e-12 7.80823e-12 3.70089e-11 1.64525e-10 6.86063e-10 2.69697e-09 9.99123e-09 3.50367e-08 1.16238e-07 3.66268e-07 1.09547e-06 3.12068e-06 8.46219e-06 2.19077e-05 5.41218e-05 0.000127916 0.000289128 0.000626363 0.00130027 0.00259137 0.00495776 0.00912028 0.0161338 0.0274843 0.045099 0.0713725 0.108985 0.160759 0.229206 0.31623 0.42253 0.547376 0.688241 0.84097 1 
0 2.63653e-16 4.96242e-16 7.03367e-16 8.44508e-16 9.56487e-16 1.01399e-15 1.05482e-15 1.07141e-15 1.096e-15 1.22358e-15 2.16501e-15 8.59862e-15 4.9035e-14 2.8338e-13 1.54284e-12 7.83348e-12 3.71852e-11 1.65244e-10 6.90185e-10 2.71214e-09 1.00633e-08 3.52762e-08 1.17203e-07 3.69177e-07 1.10562e-06 3.1485e-06 8.54723e-06 2.21206e-05 5.46982e-05 0.000129235 0.000292317 0.000633046 0.00131477 0.00261921 0.00501221 0.00921588 0.0163025 0.0277544 0.0455281 0.0719952 0.109869 0.161906 0.230637 0.317846 0.424232 0.548939 0.689468 0.841639 1 
0 1.7487e-15 3.40064e-15 4.70942e-15 5.81299e-15 6.49724e-15 7.01258e-15 7.25585e-15 7.42121e-15 7.49202e-15 7.65096e-15 8.59862e-15 1.50399e-14 5.54945e-14 2.90122e-13 1.55076e-12 7.85359e-12 3.72508e-11 1.6566e-10 6.91784e-10 2.72093e-09 1.0094e-08 3.54164e-08 1.17647e-07 3.70897e-07 1.11056e-06 3.16506e-06 8.59057e-06 2.22478e-05 5.50023e-05 0.000130026 0.000294045 0.000637053 0.00132278 0.00263586 0.00504265 0.00927275 0.0163973 0.0279137 0.0457695 0.0723579 0.110363 0.162564 0.231428 0.318755 0.425159 0.549802 0.690128 0.842003 1 
0 1.10017e-14 2.08825e-14 2.97181e-14 3.60883e-14 4.11844e-14 4.40884e-14 4.61688e-14 4.70792e-14 4.76779e-14 4.79881e-14 4.9035e-14 5.54945e-14 9.5971e-14 3.30647e-13 1.59201e-12 7.89765e-12 3.73233e-11 1.65832e-10 6.92698e-10 2.72419e-09 1.01111e-08 3.54733e-08 1.17897e-07 3.71649e-07 1.11336e-06 3.17274e-06 8.61532e-06 2.23097e-05 5.51768e-05 0.000130424 0.000295038 0.000639124 0.00132739 0.00264463 0.0050601 0.00930309 0.0164514 0.0279992 0.0459058 0.0725526 0.110639 0.162915 0.231864 0.319235 0.425662 0.550254 0.69048 0.842193 1 
0 6.24268e-14 1.21512e-13 1.69804e-13 2.10759e-13 2.379e-13 2.58538e-13 2.6943e-13 2.76867e-13 2.79908e-13 2.8189e-13 2.8338e-13 2.90122e-13 3.30647e-13 5.65379e-13 1.82685e-12 8.13418e-12 3.75659e-11 1.66135e-10 6.93198e-10 2.72612e-09 1.01173e-08 3.55039e-08 1.17993e-07 3.72056e-07 1.11453e-06 3.17693e-06 8.62627e-06 2.23436e-05 5.52577e-05 0.000130643 0.000295516 0.000640268 0.00132966 0.00264948 0.00506888 0.00931979 0.016479 0.028046 0.0459757 0.0726582 0.110781 0.163103 0.232086 0.31949 0.425917 0.55049 0.690658 0.842292 1 
0 3.36703e-13 6.43129e-13 9.18108e-13 1.12471e-12 1.29116e-12 1.39334e-12 1.46733e-12 1.50372e-12 1.52744e-12 1.5366e-12 1.54284e-12 1.55076e-12 1.59201e-12 1.82685e-12 3.08846e-12 9.39604e-12 3.88313e-11 1.67412e-10 6.94591e-10 2.72787e-09 1.01216e-08 3.55152e-08 1.18044e-07 3.72206e-07 1.11514e-06 3.1786e-06 8.63201e-06 2.23579e-05 5.53004e-05 0.00013074 0.000295769 0.000640792 0.00133087 0.00265176 0.00507354 0.00932782 0.0164935 0.0280688 0.0460125 0.07271 0.110854 0.163196 0.232201 0.319615 0.426047 0.550606 0.690749 0.842339 1 
0 1.66006e-12 3.2338e-12 4.5504e-12 5.6724e-12 6.45337e-12 7.05211e-12 7.3947e-12 7.63126e-12 7.74024e-12 7.80823e-12 7.83348e-12 7.85359e-12 7.89765e-12 8.13418e-12 9.39604e-12 1.57039e-11 4.51397e-11 1.73727e-10 7.00928e-10 2.73441e-09 1.01287e-08 3.55264e-08 1.18066e-07 3.72286e-07 1.11536e-06 3.17944e-06 8.6342e-06 2.23652e-05 5.53176e-05 0.00013079 0.000295876 0.00064106 0.00133139 0.00265292 0.00507564 0.00933191 0.0165002 0.0280804 0.0460296 0.0727361 0.110889 0.163242 0.232255 0.319677 0.426108 0.550663 0.690791 0.842363 1 
0 7.7942e-12 1.49592e-11 2.1408e-11 2.64063e-11 3.04576e-11 3.30861e-11 3.50066e-11 3.60359e-11 3.67148e-11 3.70089e-11 3.71852e-11 3.72508e-11 3.73233e-11 3.75659e-11 3.88313e-11 4.51397e-11 7.4576e-11 2.03165e-10 7.30378e-10 2.7639e-09 1.01585e-08 3.55571e-08 1.18103e-07 3.72338e-07 1.11549e-06 3.17974e-06 8.63528e-06 2.23678e-05 5.5326e-05 0.000130809 0.000295928 0.000641168 0.00133165 0.00265341 0.00507667 0.00933368 0.0165035 0.0280855 0.046038 0.0727478 0.110906 0.163263 0.232281 0.319705 0.426138 0.550689 0.690811 0.842374 1 
0 3.37989e-11 6.58837e-11 9.32096e-11 1.16592e-10 1.33486e-10 1.46527e-10 1.54454e-10 1.59981e-10 1.62767e-10 1.64525e-10 1.65244e-10 1.6566e-10 1.65832e-10 1.66135e-10 1.67412e-10 1.73727e-10 2.03165e-10 3.31754e-10 8.58969e-10 2.89251e-09 1.02872e-08 3.56863e-08 1.18233e-07 3.72476e-07 1.11564e-06 3.18e-06 8.63574e-06 2.23692e-05 5.5329e-05 0.000130818 0.000295947 0.000641219 0.00133176 0.00265364 0.00507708 0.00933451 0.0165049 0.0280879 0.0460415 0.0727533 0.110913 0.163273 0.232292 0.319718 0.426151 0.550701 0.69082 0.842379 1 
0 1.39806e-10 2.69332e-10 3.86197e-10 4.78979e-10 5.54554e-10 6.05709e-10 6.43367e-10 6.64896e-10 6.7924e-10 6.86063e-10 6.90185e-10 6.91784e-10 6.92698e-10 6.93198e-10 6.94591e-10 7.00928e-10 7.30378e-10 8.58969e-10 1.38618e-09 3.41973e-09 1.08144e-08 3.62136e-08 1.18761e-07 3.73006e-07 1.11618e-06 3.18056e-06 8.63642e-06 2.23701e-05 5.53308e-05 0.000130821 0.000295957 0.000641238 0.0013318 0.00265373 0.00507727 0.00933483 0.0165055 0.0280888 0.0460431 0.0727555 0.110916 0.163276 0.232297 0.319724 0.426156 0.550705 0.690824 0.842381 1 
0 5.38484e-10 1.05022e-09 1.49217e-09 1.87159e-09 2.15379e-09 2.37286e-09 2.51233e-09 2.61036e-09 2.66325e-09 2.69697e-09 2.71214e-09 2.72093e-09 2.72419e-09 2.72612e-09 2.72787e-09 2.73441e-09 2.7639e-09 2.89251e-09 3.41973e-09 5.45328e-09 1.2848e-08 3.82472e-08 1.20795e-07 3.75041e-07 1.11822e-06 3.18261e-06 8.63849e-06 2.23722e-05 5.53332e-05 0.000130824 0.000295961 0.000641248 0.00133182 0.00265377 0.00507734 0.00933498 0.0165057 0.0280892 0.0460437 0.0727564 0.110918 0.163278 0.232299 0.319726 0.426159 0.550708 0.690825 0.842382 1 
0 1.98137e-09 3.82828e-09 5.49796e-09 6.84868e-09 7.95333e-09 8.72603e-09 9.29839e-09 9.64224e-09 9.8733e-09 9.99123e-09 1.00633e-08 1.0094e-08 1.01111e-08 1.01173e-08 1.01216e-08 1.01287e-08 1.01585e-08 1.02872e-08 1.08144e-08 1.2848e-08 2.02427e-08 4.56419e-08 1.28189e-07 3.82436e-07 1.12562e-06 3.19001e-06 8.6459e-06 2.23797e-05 5.53408e-05 0.000130832 0.00029597 0.000641257 0.00133183 0.00265379 0.00507738 0.00933503 0.0165058 0.0280894 0.0460439 0.0727568 0.110918 0.163279 0.2323 0.319727 0.426159 0.550708 0.690826 0.842382 1 
0 6.83329e-09 1.33327e-08 1.90075e-08 2.38923e-08 2.76086e-08 3.05066e-08 3.24194e-08 3.37727e-08 3.4542e-08 3.50367e-08 3.52762e-08 3.54164e-08 3.54733e-08 3.55039e-08 3.55152e-08 3.55264e-08 3.55571e-08 3.56863e-08 3.62136e-08 3.82472e-08 4.56419e-08 7.10411e-08 1.53589e-07 4.07835e-07 1.15102e-06 3.21541e-06 8.6713e-06 2.24051e-05 5.53662e-05 0.000130858 0.000295996 0.000641284 0.00133186 0.00265382 0.00507741 0.00933507 0.0165059 0.0280895 0.0460441 0.072757 0.110918 0.163279 0.2323 0.319727 0.42616 0.550709 0.690826 0.842382 1 
0 2.25445e-08 4.36603e-08 6.27782e-08 7.8474e-08 9.135e-08 1.00592e-07 1.07471e-07 1.11766e-07 1.14672e-07 1.16238e-07 1.17203e-07 1.17647e-07 1.17897e-07 1.17993e-07 1.18044e-07 1.18066e-07 1.18103e-07 1.18233e-07 1.18761e-07 1.20795e-07 1.28189e-07 1.53589e-07 2.36136e-07 4.90382e-07 1.23356e-06 3.29796e-06 8.75385e-06 2.24876e-05 5.54488e-05 0.00013094 0.000296078 0.000641366 0.00133194 0.0026539 0.0050775 0.00933516 0.016506 0.0280896 0.0460442 0.0727571 0.110918 0.163279 0.232301 0.319727 0.42616 0.550709 0.690826 0.842382 1 
0 7.00911e-08 1.36799e-07 1.95544e-07 2.46209e-07 2.85445e-07 3.16145e-07 3.36988e-07 3.5181e-07 3.60585e-07 3.66268e-07 3.69177e-07 3.70897e-07 3.71649e-07 3.72056e-07 3.72206e-07 3.72286e-07 3.72338e-07 3.72476e-07 3.73006e-07 3.75041e-07 3.82436e-07 4.07835e-07 4.90382e-07 7.44628e-07 1.48781e-06 3.5522e-06 9.0081e-06 2.27419e-05 5.5703e-05 0.000131195 0.000296332 0.000641621 0.0013322 0.00265416 0.00507775 0.00933542 0.0165062 0.0280898 0.0460444 0.0727574 0.110919 0.16328 0.232301 0.319728 0.42616 0.550709 0.690827 0.842382 1 
0 2.08733e-07 4.04972e-07 5.8282e-07 7.30526e-07 8.51954e-07 9.40884e-07 1.00731e-06 1.05006e-06 1.07913e-06 1.09547e-06 1.10562e-06 1.11056e-06 1.11336e-06 1.11453e-06 1.11514e-06 1.11536e-06 1.11549e-06 1.11564e-06 1.11618e-06 1.11822e-06 1.12562e-06 1.15102e-06 1.23356e-06 1.48781e-06 2.23099e-06 4.29538e-06 9.75128e-06 2.34851e-05 5.64462e-05 0.000131938 0.000297076 0.000642364 0.00133294 0.0026549 0.0050785 0.00933616 0.016507 0.0280906 0.0460452 0.0727581 0.110919 0.16328 0.232301 0.319728 0.426161 0.550709 0.690827 0.842382 1 
0 5.88421e-07 1.14864e-06 1.64526e-06 2.07407e-06 2.41076e-06 2.67477e-06 2.858e-06 2.98875e-06 3.06867e-06 3.12068e-06 3.1485e-06 3.16506e-06 3.17274e-06 3.17693e-06 3.1786e-06 3.17944e-06 3.17974e-06 3.18e-06 3.18056e-06 3.18261e-06 3.19001e-06 3.21541e-06 3.29796e-06 3.5522e-06 4.29538e-06 6.35978e-06 1.18157e-05 2.55495e-05 5.85106e-05 0.000134002 0.00029914 0.000644428 0.001335 0.00265696 0.00508056 0.00933822 0.016509 0.0280926 0.0460472 0.0727601 0.110921 0.163282 0.232303 0.31973 0.426162 0.55071 0.690828 0.842383 1 
0 1.59082e-06 3.09068e-06 4.45058e-06 5.58998e-06 6.52769e-06 7.22517e-06 7.74719e-06 8.09113e-06 8.32579e-06 8.46219e-06 8.54723e-06 8.59057e-06 8.61532e-06 8.62627e-06 8.63201e-06 8.6342e-06 8.63528e-06 8.63574e-06 8.63642e-06 8.63849e-06 8.6459e-06 8.6713e-06 8.75385e-06 9.0081e-06 9.75128e-06 1.18157e-05 1.72716e-05 3.10054e-05 6.39664e-05 0.000139458 0.000304596 0.000649883 0.00134046 0.00266242 0.005086 0.00934365 0.0165144 0.028098 0.0460525 0.0727653 0.110926 0.163287 0.232308 0.319734 0.426165 0.550713 0.690829 0.842384 1 
0 4.08687e-06 7.97806e-06 1.14446e-05 1.44385e-05 1.68137e-05 1.86779e-05 1.99935e-05 2.0934e-05 2.15231e-05 2.19077e-05 2.21206e-05 2.22478e-05 2.23097e-05 2.23436e-05 2.23579e-05 2.23652e-05 2.23678e-05 2.23692e-05 2.23701e-05 2.23722e-05 2.23797e-05 2.24051e-05 2.24876e-05 2.27419e-05 2.34851e-05 2.55495e-05 3.10054e-05 4.47391e-05 7.77002e-05 0.000153191 0.000318329 0.000663615 0.00135419 0.00267614 0.00509971 0.00935733 0.0165281 0.0281115 0.0460658 0.0727783 0.110939 0.163299 0.232319 0.319744 0.426174 0.55072 0.690834 0.842386 1 
0 1.00813e-05 1.96054e-05 2.8239e-05 3.55187e-05 4.15091e-05 4.60159e-05 4.93906e-05 5.16536e-05 5.31999e-05 5.41218e-05 5.46982e-05 5.50023e-05 5.51768e-05 5.52577e-05 5.53004e-05 5.53176e-05 5.5326e-05 5.5329e-05 5.53308e-05 5.53332e-05 5.53408e-05 5.53662e-05 5.54488e-05 5.5703e-05 5.64462e-05 5.85106e-05 6.39664e-05 7.77002e-05 0.000110661 0.000186152 0.000351287 0.000696571 0.00138713 0.00270907 0.0051326 0.00939015 0.0165607 0.0281439 0.0460978 0.0728096 0.110969 0.163328 0.232345 0.319767 0.426194 0.550736 0.690845 0.842392 1 
0 2.37102e-05 4.62778e-05 6.6449e-05 8.38568e-05 9.77672e-05 0.000108676 0.000116469 0.00012204 0.000125593 0.000127916 0.000129235 0.000130026 0.000130424 0.000130643 0.00013074 0.00013079 0.000130809 0.000130818 0.000130821 0.000130824 0.000130832 0.000130858 0.00013094 0.000131195 0.000131938 0.000134002 0.000139458 0.000153191 0.000186152 0.000261641 0.000426773 0.000772046 0.00146259 0.00278447 0.00520792 0.00946526 0.0166355 0.0282181 0.046171 0.0728811 0.111038 0.163393 0.232406 0.319821 0.42624 0.550772 0.69087 0.842404 1 
0 5.36093e-05 0.000104316 0.000150234 0.000189104 0.000221038 0.000245248 0.000263348 0.000275638 0.00028403 0.000289128 0.000292317 0.000294045 0.000295038 0.000295516 0.000295769 0.000295876 0.000295928 0.000295947 0.000295957 0.000295961 0.00029597 0.000295996 0.000296078 0.000296332 0.000297076 0.00029914 0.000304596 0.000318329 0.000351287 0.000426773 0.000591894 0.000937147 0.00162763 0.00294941 0.0053726 0.00962955 0.0167989 0.0283802 0.0463306 0.0730373 0.111189 0.163536 0.232537 0.319939 0.42634 0.550851 0.690924 0.842432 1 
0 0.000115917 0.000226156 0.000324849 0.00040984 0.000478028 0.000531362 0.000569753 0.000597132 0.000614818 0.000626363 0.000633046 0.000637053 0.000639124 0.000640268 0.000640792 0.00064106 0.000641168 0.000641219 0.000641238 0.000641248 0.000641257 0.000641284 0.000641366 0.000641621 0.000642364 0.000644428 0.000649883 0.000663615 0.000696571 0.000772046 0.000937147 0.00128234 0.00197271 0.00329421 0.00571694 0.0099728 0.0171406 0.0287185 0.0466643 0.0733626 0.111503 0.163832 0.232812 0.320183 0.426548 0.551013 0.691037 0.84249 1 
0 0.000241274 0.00046955 0.000675814 0.000850655 0.000993784 0.00110269 0.00118379 0.00123927 0.00127704 0.00130027 0.00131477 0.00132278 0.00132739 0.00132966 0.00133087 0.00133139 0.00133165 0.00133176 0.0013318 0.00133182 0.00133183 0.00133186 0.00133194 0.0013322 0.00133294 0.001335 0.00134046 0.00135419 0.00138713 0.00146259 0.00162763 0.00197271 0.00266279 0.00398379 0.0064053 0.0106593 0.017823 0.0293951 0.0473298 0.0740132 0.112128 0.164426 0.233357 0.320671 0.426959 0.551339 0.69126 0.842604 1 
0 0.000481623 0.000938947 0.00134824 0.00169926 0.00198103 0.00220026 0.00235853 0.00247082 0.00254388 0.00259137 0.00261921 0.00263586 0.00264463 0.00264948 0.00265176 0.00265292 0.00265341 0.00265364 0.00265373 0.00265377 0.00265379 0.00265382 0.0026539 0.00265416 0.0026549 0.00265696 0.00266242 0.00267614 0.00270907 0.00278447 0.00294941 0.00329421 0.00398379 0.00530352 0.00772302 0.0119725 0.0191294 0.030688 0.0486039 0.0752538 0.113325 0.165554 0.234401 0.321596 0.427746 0.551954 0.691688 0.842821 1 
0 0.00092689 0.00180308 0.00259169 0.00325897 0.00380173 0.00421436 0.00451951 0.00472869 0.00487016 0.00495776 0.00501221 0.00504265 0.0050601 0.00506888 0.00507354 0.00507564 0.00507667 0.00507708 0.00507727 0.00507734 0.00507738 0.00507741 0.0050775 0.00507775 0.0050785 0.00508056 0.005086 0.00509971 0.0051326 0.00520792 0.0053726 0.00571694 0.0064053 0.00772302 0.0101378 0.0143799 0.0215216 0.0330582 0.0509335 0.0775284 0.115509 0.167623 0.2363 0.323292 0.429176 0.553082 0.692461 0.843218 1 
0 0.00171565 0.00334035 0.00479008 0.00602478 0.00701198 0.0077732 0.00832148 0.00870705 0.0089582 0.00912028 0.00921588 0.00927275 0.00930309 0.00931979 0.00932782 0.00933191 0.00933368 0.00933451 0.00933483 0.00933498 0.00933503 0.00933507 0.00933516 0.00933542 0.00933616 0.00933822 0.00934365 0.00935733 0.00939015 0.00946526 0.00962955 0.0099728 0.0106593 0.0119725 0.0143799 0.0186062 0.0257242 0.0372151 0.0550261 0.0815108 0.119346 0.171236 0.239637 0.326247 0.431687 0.555044 0.693821 0.843909 1 
0 0.00306756 0.0059598 0.0085457 0.0107203 0.0124703 0.0137923 0.0147586 0.0154185 0.0158601 0.0161338 0.0163025 0.0163973 0.0164514 0.016479 0.0164935 0.0165002 0.0165035 0.0165049 0.0165055 0.0165057 0.0165058 0.0165059 0.016506 0.0165062 0.016507 0.016509 0.0165144 0.0165281 0.0165607 0.0166355 0.0167989 0.0171406 0.017823 0.0191294 0.0215216 0.0257242 0.0327946 0.0442162 0.0619032 0.0882181 0.125782 0.177322 0.245221 0.331225 0.43588 0.558348 0.696087 0.845071 1 
0 0.00529222 0.0102804 0.0147002 0.0184205 0.0213651 0.0236031 0.0252005 0.0263084 0.0270263 0.0274843 0.0277544 0.0279137 0.0279992 0.028046 0.0280688 0.0280804 0.0280855 0.0280879 0.0280888 0.0280892 0.0280894 0.0280895 0.0280896 0.0280898 0.0280906 0.0280926 0.028098 0.0281115 0.0281439 0.0282181 0.0283802 0.0287185 0.0293951 0.030688 0.0330582 0.0372151 0.0442162 0.0555088 0.0730124 0.0990215 0.136177 0.187107 0.25424 0.339211 0.442653 0.563639 0.699749 0.846931 1 
0 0.00884375 0.017136 0.0244646 0.0305478 0.0353587 0.0389411 0.0415132 0.0432499 0.0443943 0.045099 0.0455281 0.0457695 0.0459058 0.0459757 0.0460125 0.0460296 0.046038 0.0460415 0.0460431 0.0460437 0.0460439 0.0460441 0.0460442 0.0460444 0.0460452 0.0460472 0.0460525 0.0460658 0.0460978 0.046171 0.0463306 0.0466643 0.0473298 0.0486039 0.0509335 0.0550261 0.0619032 0.0730124 0.090198 0.115767 0.152235 0.202272 0.268147 0.351589 0.453078 0.571841 0.705377 0.849813 1 
0 0.0143195 0.0277006 0.0393897 0.0490323 0.0565153 0.0620732 0.0659697 0.0686167 0.0703101 0.0713725 0.0719952 0.0723579 0.0725526 0.0726582 0.07271 0.0727361 0.0727478 0.0727533 0.0727555 0.0727564 0.0727568 0.072757 0.0727571 0.0727574 0.0727581 0.0727601 0.0727653 0.0727783 0.0728096 0.0728811 0.0730373 0.0733626 0.0740132 0.0752538 0.0775284 0.0815108 0.0882181 0.0990215 0.115767 0.14062 0.176125 0.224746 0.288838 0.369901 0.468587 0.583958 0.71375 0.854069 1 
0 0.0225572 0.0434657 0.0615542 0.0761971 0.0874453 0.0956066 0.101308 0.105078 0.107508 0.108985 0.109869 0.110363 0.110639 0.110781 0.110854 0.110889 0.110906 0.110913 0.110916 0.110918 0.110918 0.110918 0.110918 0.110919 0.110919 0.110921 0.110926 0.110939 0.110969 0.111038 0.111189 0.111503 0.112128 0.113325 0.115509 0.119346 0.125782 0.136177 0.152235 0.176125 0.210157 0.256852 0.318268 0.396062 0.490618 0.601268 0.725632 0.860148 1 
0 0.034654 0.066472 0.0934736 0.114954 0.131036 0.142551 0.150382 0.155544 0.158776 0.160759 0.161906 0.162564 0.162915 0.163103 0.163196 0.163242 0.163263 0.163273 0.163276 0.163278 0.163279 0.163279 0.163279 0.16328 0.16328 0.163282 0.163287 0.163299 0.163328 0.163393 0.163536 0.163832 0.164426 0.165554 0.167623 0.171236 0.177322 0.187107 0.202272 0.224746 0.256852 0.300764 0.358649 0.431796 0.520845 0.624887 0.741935 0.868437 1 
0 0.0522244 0.0993712 0.13843 0.168551 0.190565 0.205851 0.216098 0.222661 0.226764 0.229206 0.230637 0.231428 0.231864 0.232086 0.232201 0.232255 0.232281 0.232292 0.232297 0.232299 0.2323 0.2323 0.232301 0.232301 0.232301 0.232303 0.232308 0.232319 0.232345 0.232406 0.232537 0.232812 0.233357 0.234401 0.2363 0.239637 0.245221 0.25424 0.268147 0.288838 0.318268 0.358649 0.411702 0.478901 0.560516 0.656022 0.763314 0.879364 1 
0 0.0777232 0.14606 0.200462 0.240835 0.269185 0.288336 0.30076 0.308616 0.313386 0.31623 0.317846 0.318755 0.319235 0.31949 0.319615 0.319677 0.319705 0.319718 0.319724 0.319726 0.319727 0.319727 0.319727 0.319728 0.319728 0.31973 0.319734 0.319744 0.319767 0.319821 0.319939 0.320183 0.320671 0.321596 0.323292 0.326247 0.331225 0.339211 0.351589 0.369901 0.396062 0.431796 0.478901 0.538369 0.610765 0.695296 0.790394 0.893142 1 
0 0.115604 0.212449 0.285063 0.335873 0.36993 0.391965 0.405891 0.414421 0.419555 0.42253 0.424232 0.425159 0.425662 0.425917 0.426047 0.426108 0.426138 0.426151 0.426156 0.426159 0.426159 0.42616 0.42616 0.42616 0.426161 0.426162 0.426165 0.426174 0.426194 0.42624 0.42634 0.426548 0.426959 0.427746 0.429176 0.431687 0.43588 0.442653 0.453078 0.468587 0.490618 0.520845 0.560516 0.610765 0.671747 0.743109 0.823241 0.909915 1 
0 0.175037 0.308661 0.399453 0.458046 0.494834 0.517592 0.531414 0.539714 0.544568 0.547376 0.548939 0.549802 0.550254 0.55049 0.550606 0.550663 0.550689 0.550701 0.550705 0.550708 0.550708 0.550709 0.550709 0.550709 0.550709 0.55071 0.550713 0.55072 0.550736 0.550772 0.550851 0.551013 0.551339 0.551954 0.553082 0.555044 0.558348 0.563639 0.571841 0.583958 0.601268 0.624887 0.656022 0.695296 0.743109 0.798906 0.861679 0.929483 1 
0 0.278332 0.452414 0.553018 0.610792 0.644334 0.663943 0.675463 0.682166 0.686049 0.688241 0.689468 0.690128 0.69048 0.690658 0.690749 0.690791 0.690811 0.69082 0.690824 0.690825 0.690826 0.690826 0.690826 0.690827 0.690827 0.690828 0.690829 0.690834 0.690845 0.69087 0.690924 0.691037 0.69126 0.691688 0.692461 0.693821 0.696087 0.699749 0.705377 0.71375 0.725632 0.741935 0.763314 0.790394 0.823241 0.861679 0.904827 0.951498 1 
0 0.487637 0.673166 0.754446 0.794311 0.815419 0.82714 0.833783 0.837591 0.839749 0.84097 0.841639 0.842003 0.842193 0.842292 0.842339 0.842363 0.842374 0.842379 0.842381 0.842382 0.842382 0.842382 0.842382 0.842382 0.842382 0.842383 0.842384 0.842386 0.842392 0.842404 0.842432 0.84249 0.842604 0.842821 0.843218 0.843909 0.845071 0.846931 0.849813 0.854069 0.860148 0.868437 0.879364 0.893142 0.909915 0.929483 0.951498 0.975273 1 
0 1 1 1 1 1 1 1 1 1 1 1 1 1 1 1 1 1 1 1 1 1 1 1 1 1 1 1 1 1 1 1 1 1 1 1 1 1 1 1 1 1 1 1 1 1 1 1 1 1 
